34.621891267027145 2.4130771206718777 4.932339068382187
34.621891267027145 2.4130771206718777 4.932339068382187
39.45252712791028 0.9267192108330178 2.5909077903680626
45.83932269175667 4.644584704396455 0.3271511946096462
51.84028859135838 9.133624636565289 1.994177622878278
60.102000984996685 14.805623221777875 4.736141730268038
70.49687124103421 20.738412752149806 8.250882078591658
78.81948895226081 25.807184286905578 13.04461653732377
84.60858627753372 31.104864252037867 18.846001889875286
87.32510229130828 37.16817975863302 23.717688523700573
85.43920788121905 43.827506621143286 26.473961828527546
80.4326946459313 50.724859207203124 27.716944270153633
73.4085359221657 54.1005654865267 27.17297220302771
65.61504019266197 50.054697827965384 24.355238603708152
58.554469864823176 39.869860457627205 20.29876426282396
53.496187025040484 27.51765382878465 15.42874433349892
50.41822047367097 15.192481389130858 9.153427013605926
50.30247097665542 4.355086703632674 2.937256102716564
55.47597776868929 4.742215110092848 2.2364798602986458
66.98611440132164 13.560886149180797 6.616687795529948
81.6955648087584 23.265669070166997 10.856766013405117
